000010000000000100000000010001000000000000111111000000000000
000010000000000100001000010001000000000000111111000000000000
000010000000000100001000010001000000000000111111000000000000
010010000100001010010000010001000000000000111111000000000000
010000000100001010010000010001000000000000111111000000000000
010000000100001010010000010001000000000000111111000000000000
010010000100001010010000010001000000000000111111000000000000
010000000100001010010000010001000000000000111111000000000000
010010000100001010010000010001000000000000111111000000000000
010000000100001010010000010001000000000000111111000000000000
010010000000000110000000010001000000000000111111000000000000
010010000100001010011000010001000000000000111111000000000000
010000000100001010011000010001000000000000111111000000000000
010000000100001010011000010001000000000000111111000000000000
010010000100001010011000010001000000000000111111000000000000
010000000100001010011000010001000000000000111111000000000000
010010000100001010011000010001000000000000111111000000000000
010000000100001010011000010001000000000000111111000000000000
010010000000000110001000010001000000000000111111000000000000
010010000100001010011000010001000000000000111111000000000000
010000000100001010011000010001000000000000111111000000000000
010000000100001010011000010001000000000000111111000000000000
010010000100001010011000010001000000000000111111000000000000
010000000100001010011000010001000000000000111111000000000000
010010000100001010011000010001000000000000111111000000000000
010000000100001010011000010001000000000000111111000000000000
010010000000000110001000010001000000000000111111000000000000
010010000100001010011000010001000000000000111111000000000000
010000000100001010011000010001000000000000111111000000000000
010000000100001010011000010001000000000000111111000000000000
010010000100001010011000010001000000000000111111000000000000
010000000100001010011000010001000000000000111111000000000000
010010000100001010011000010001000000000000111111000000000000
010000000100001010011000010001000000000000111111000000000000
010010000000000110001000010001000000000000111111000000000000
010010000100001010011000010001000000000000111111000000000000
010000000100001010011000010001000000000000111111000000000000
010000000100001010011000010001000000000000111111000000000000
010010000100001010011000010001000000000000111111000000000000
010000000100001010011000010001000000000000111111000000000000
010010000100001010011000010001000000000000111111000000000000
010000000100001010011000010001000000000000111111000000000000
010010000000000110001000010001000000000000111111000000000000
010011011100001010010000010001000000000000111111000000000000
010001011100001010010000010001000000000000111111000000000000
010001011100001010010000010001000000000000111111000000000000
010011011100001010010000010001000000000000111111000000000000
010001011100001010010000010001000000000000111111000000000000
010011011100001010010000010001000000000000111111000000000000
010001011100001010010000010001000000000000111111000000000000
010011011000000110000000010001000000000000111111000000000000
010011011100001010011000010001000000000000111111000000000000
010001011100001010011000010001000000000000111111000000000000
010001011100001010011000010001000000000000111111000000000000
010011011100001010011000010001000000000000111111000000000000
010001011100001010011000010001000000000000111111000000000000
010011011100001010011000010001000000000000111111000000000000
010001011100001010011000010001000000000000111111000000000000
010011011000000110001000010001000000000000111111000000000000
010011011100001010011000010001000000000000111111000000000000
010001011100001010011000010001000000000000111111000000000000
010001011100001010011000010001000000000000111111000000000000
010011011100001010011000010001000000000000111111000000000000
010001011100001010011000010001000000000000111111000000000000
010011011100001010011000010001000000000000111111000000000000
010001011100001010011000010001000000000000111111000000000000
010011011000000110001000010001000000000000111111000000000000
010011011100001001000000010001000000000000111111000000000000
010001011100001001000000010001000000000000111111000000000000
010001011100001001000000010001000000000000111111000000000000
010011011100001001000000010001000000000000111111000000000000
010001011100001001000000010001000000000000111111000000000000
010011011100001001000000010001000000000000111111000000000000
010001011100001001000000010001000000000000111111000000000000
010011011000000001000000010001000000000000111111000000000000
010011011100001001001000010001000000000000111111000000000000
010001011100001001001000010001000000000000111111000000000000
010001011100001001001000010001000000000000111111000000000000
010011011100001001001000010001000000000000111111000000000000
010001011100001001001000010001000000000000111111000000000000
010011011100001001001000010001000000000000111111000000000000
010001011100001001001000010001000000000000111111000000000000
010011011000000001001000010001000000000000111111000000000000
010011011100001001001000010001000000000000111111000000000000
010001011100001001001000010001000000000000111111000000000000
010001011100001001001000010001000000000000111111000000000000
010011011100001001001000010001000000000000111111000000000000
010001011100001001001000010001000000000000111111000000000000
010011011100001001001000010001000000000000111111000000000000
010001011100001001001000010001000000000000111111000000000000
010011011000000001001000010001000000000000111111000000000000
000010000000000100000000000001000000000000111011000000000000
000010000000000100001000000001000000000000111011000000000000
000010000000000100001000000001000000000000111011000000000000
010010000100001010010000000001000000000000111011000000000000
010000000100001010010000000001000000000000111011000000000000
010000000100001010010000000001000000000000111011000000000000
010010000100001010010000000001000000000000111011000000000000
010000000100001010010000000001000000000000111011000000000000
010010000100001010010000000001000000000000111011000000000000
010000000100001010010000000001000000000000111011000000000000
010010000000000110000000000001000000000000111011000000000000
010010000100001010011000000001000000000000111011000000000000
010000000100001010011000000001000000000000111011000000000000
010000000100001010011000000001000000000000111011000000000000
010010000100001010011000000001000000000000111011000000000000
010000000100001010011000000001000000000000111011000000000000
010010000100001010011000000001000000000000111011000000000000
010000000100001010011000000001000000000000111011000000000000
010010000000000110001000000001000000000000111011000000000000
010010000100001010011000000001000000000000111011000000000000
010000000100001010011000000001000000000000111011000000000000
010000000100001010011000000001000000000000111011000000000000
010010000100001010011000000001000000000000111011000000000000
010000000100001010011000000001000000000000111011000000000000
010010000100001010011000000001000000000000111011000000000000
010000000100001010011000000001000000000000111011000000000000
010010000000000110001000000001000000000000111011000000000000
010010000100001010011000000001000000000000111011000000000000
010000000100001010011000000001000000000000111011000000000000
010000000100001010011000000001000000000000111011000000000000
010010000100001010011000000001000000000000111011000000000000
010000000100001010011000000001000000000000111011000000000000
010010000100001010011000000001000000000000111011000000000000
010000000100001010011000000001000000000000111011000000000000
010010000000000110001000000001000000000000111011000000000000
010010000100001010011000000001000000000000111011000000000000
010000000100001010011000000001000000000000111011000000000000
010000000100001010011000000001000000000000111011000000000000
010010000100001010011000000001000000000000111011000000000000
010000000100001010011000000001000000000000111011000000000000
010010000100001010011000000001000000000000111011000000000000
010000000100001010011000000001000000000000111011000000000000
010010000000000110001000000001000000000000111011000000000000
010011011100001010010000000001000000000000111011000000000000
010001011100001010010000000001000000000000111011000000000000
010001011100001010010000000001000000000000111011000000000000
010011011100001010010000000001000000000000111011000000000000
010001011100001010010000000001000000000000111011000000000000
010011011100001010010000000001000000000000111011000000000000
010001011100001010010000000001000000000000111011000000000000
010011011000000110000000000001000000000000111011000000000000
010011011100001010011000000001000000000000111011000000000000
010001011100001010011000000001000000000000111011000000000000
010001011100001010011000000001000000000000111011000000000000
010011011100001010011000000001000000000000111011000000000000
010001011100001010011000000001000000000000111011000000000000
010011011100001010011000000001000000000000111011000000000000
010001011100001010011000000001000000000000111011000000000000
010011011000000110001000000001000000000000111011000000000000
010011011100001010011000000001000000000000111011000000000000
010001011100001010011000000001000000000000111011000000000000
010001011100001010011000000001000000000000111011000000000000
010011011100001010011000000001000000000000111011000000000000
010001011100001010011000000001000000000000111011000000000000
010011011100001010011000000001000000000000111011000000000000
010001011100001010011000000001000000000000111011000000000000
010011011000000110001000000001000000000000111011000000000000
010011011100001001000000000001000000000000111011000000000000
010001011100001001000000000001000000000000111011000000000000
010001011100001001000000000001000000000000111011000000000000
010011011100001001000000000001000000000000111011000000000000
010001011100001001000000000001000000000000111011000000000000
010011011100001001000000000001000000000000111011000000000000
010001011100001001000000000001000000000000111011000000000000
010011011000000001000000000001000000000000111011000000000000
010011011100001001001000000001000000000000111011000000000000
010001011100001001001000000001000000000000111011000000000000
010001011100001001001000000001000000000000111011000000000000
010011011100001001001000000001000000000000111011000000000000
010001011100001001001000000001000000000000111011000000000000
010011011100001001001000000001000000000000111011000000000000
010001011100001001001000000001000000000000111011000000000000
010011011000000001001000000001000000000000111011000000000000
010011011100001001001000000001000000000000111011000000000000
010001011100001001001000000001000000000000111011000000000000
010001011100001001001000000001000000000000111011000000000000
010011011100001001001000000001000000000000111011000000000000
010001011100001001001000000001000000000000111011000000000000
010011011100001001001000000001000000000000111011000000000000
010001011100001001001000000001000000000000111011000000000000
010011011000000001001000000001000000000000111011000000000000
000000000000000000000000000000010000000000000000000000000000
000000000000000000000000000001000000000000000000000000000000
000000000000000000000000000000010000000000000000000000000000
000000000000000000000000000001000000000000000000000000000000
000000000000000000000000000000010000000000000000000000000000
000000000000000000000000000001000000000000000000000000000000
000000000000000000000000000000010000000000000000000000000000
000000000000000000000000000001000000000000000000000000000000
000000000000000000000000000000010000000000000000000000000000
000000000000000000000000000001000000000000000000000000000000
000000000000000000000000000000010000000000000000000000000000
000000000000000000000000000001000000000000000000000000000000
000000000000000000000000000000010000000000000000000000000000
000000000000000000000000000001000000000000000000000000000000
000000000000000000000000000000010000000000000000000000000000
000000000000000000000000000001000000000000000000000000000000
000000000000000000000000000000010000000000000000000000000000
000000000000000000000000000001000000000000000000000000000000
000000000000000000000000000000010000000000000000000000000000
000000000000000000000000000001000000000000000000000000000000
000000000000000000000000000000010000000000000000000000000000
000000000000000000000000000001000000000000000000000000000000
000000000000000000000000000000010000000000000000000000000000
000000000000000000000000000001000000000000000000000000000000
000000000000000000000000000000010000000000000000000000000000
000000000000000000000000000001000000000000000000000000000000
000000000000000000000000000000010000000000000000000000000000
000000000000000000000000000001000000000000000000000000000000
000000000000000000000000000000010000000000000000000000000000
000000000000000000000000000001000000000000000000000000000000
000000000000000000000000000000010000000000000000000000000000
000000000000000000000000000001000000000000000000000000000000
000000000000000000000000000000010000000000000000000000000000
000000000000000000000000000001000000000000000000000000000000
000000000000000000000000000000010000000000000000000000000000
000000000000000000000000000001000000000000000000000000000000
000000000000000000000000000000010000000000000000000000000000
000000000000000000000000000000000000000000000000000000000000
000000000000000000000000000001000000000000000000000000000000
000000000000000000000000000001000000000000000000000000000000
010011011100001001001000011101000000000000000000000001000001
010001011100001001001000011101000000000000000000000001000001
010001011100001001001000011101000000000000000000000001000001
010011011100001001001000011101000000000000000000000001000001
010001011100001001001000011101000000000000000000000001000001
010011011100001001001000011101000000000000000000000001000001
010001011100001001001000011101000000000000000000000001000001
010011011000000001001000011101000000000000000000000001000001
010011011100001001001000011101000000000000000000000001000001
010001011100001001001000011101000000000000000000000001000001
010001011100001001001000011101000000000000000000000001000001
010011011100001001001000011101000000000000000000000001000001
010001011100001001001000011101000000000000000000000001000001
010011011100001001001000011101000000000000000000000001000001
010001011100001001001000011101000000000000000000000001000001
010011011000000001001000011101000000000000000000000001000001
010010000100001010010000111100000001000000111111000000000000
010110001000000001010001010001000001000000111111000000000000
010000000100001010010000111100000001000000111111000000000000
010110001000000001010001010001000001000000111111000000000000
010000000100001010010000111100000001000000111111000000000000
010110001000000001010001010001000001000000111111000000000000
010010000100001010010000111100000001000000111111000000000000
010110001000000001010001010001000001000000111111000000000000
010000000100001010010000111100000001000000111111000000000000
010110001000000001010001010001000001000000111111000000000000
010010000100001010010000111100000001000000111111000000000000
010110001000000001010001010001000001000000111111000000000000
010000000100001010010000111100000001000000111111000000000000
010110001000000001010001010001000001000000111111000000000000
010010000000000110000000111100000001000000111111000000000000
010110001000000001000001010001000001000000111111000000000000
010010000100001010011000111100000001000000111111000000000000
010110001000000001011001010001000001000000111111000000000000
010000000100001010011000111100000001000000111111000000000000
010110001000000001011001010001000001000000111111000000000000
010000000100001010011000111100000001000000111111000000000000
010110001000000001011001010001000001000000111111000000000000
010010000100001010011000111100000001000000111111000000000000
010110001000000001011001010001000001000000111111000000000000
010000000100001010011000111100000001000000111111000000000000
010110001000000001011001010001000001000000111111000000000000
010010000100001010011000111100000001000000111111000000000000
010110001000000001011001010001000001000000111111000000000000
010000000100001010011000111100000001000000111111000000000000
010110001000000001011001010001000001000000111111000000000000
010010000000000110001000111100000001000000111111000000000000
010110001000000001001001010001000001000000111111000000000000
010010000100001010011000111100000001000000111111000000000000
010110001000000001011001010001000001000000111111000000000000
010000000100001010011000111100000001000000111111000000000000
010110001000000001011001010001000001000000111111000000000000
010000000100001010011000111100000001000000111111000000000000
010110001000000001011001010001000001000000111111000000000000
010010000100001010011000111100000001000000111111000000000000
010110001000000001011001010001000001000000111111000000000000
010000000100001010011000111100000001000000111111000000000000
010110001000000001011001010001000001000000111111000000000000
010010000100001010011000111100000001000000111111000000000000
010110001000000001011001010001000001000000111111000000000000
010000000100001010011000111100000001000000111111000000000000
010110001000000001011001010001000001000000111111000000000000
010010000000000110001000111100000001000000111111000000000000
010110001000000001001001010001000001000000111111000000000000
000010000000000100000000000001000000000100011111000000000000
000000000000000000000000000001000000000000000000000000000000
010010000100001010010000010001000000000000111110000000000000
010000000100001010010000010001000000000000111110000000000000
010000000100001010010000010001000000000000111110000000000000
010010000100001010010000010001000000000000111110000000000000
010000000100001010010000010001000000000000111110000000000000
010010000100001010010000010001000000000000111110000000000000
010000000100001010010000010001000000000000111110000000000000
010010000000000110000000010001000000000000111110000000000000
010010000100001010011000010001000000000000111110000000000000
010000000100001010011000010001000000000000111110000000000000
010000000100001010011000010001000000000000111110000000000000
010010000100001010011000010001000000000000111110000000000000
010000000100001010011000010001000000000000111110000000000000
010010000100001010011000010001000000000000111110000000000000
010000000100001010011000010001000000000000111110000000000000
010010000000000110001000010001000000000000111110000000000000
010010000100001010011000010001000000000000111110000000000000
010000000100001010011000010001000000000000111110000000000000
010000000100001010011000010001000000000000111110000000000000
010010000100001010011000010001000000000000111110000000000000
010000000100001010011000010001000000000000111110000000000000
010010000100001010011000010001000000000000111110000000000000
010000000100001010011000010001000000000000111110000000000000
010010000000000110001000010001000000000000111110000000000000
011010000000000100001000010001000000000000111110000000000000
011010000000000100001000010001000000000000111110000000000000
000000000000000000000000000001000000000000000000000000000000
000000000000000000001000010001100000000000000000000000001001
000000000000000000001000010001100000000000000000000000001000
000000000000000000001000010001100000000000000000000000001001
000000000000000000001000010001100000000000000000000000001001
000000000000000000001000010001100000000000000000000000001000
000000000000000000001000010001100000000000000000000000001000
000000000000000000001000010001100000000000000000000000000000
000000000000000000001000010001100000000000000000000000000000
000000000000000000001000010001100000000000000000000000000000
010010000100001000001000010001100000000000000000000000000000
010000000100001000001000010001100000000000000000000000000000
010000000100001000001000010001100000000000000000000000000000
010010000100001000001000010001100000000000000000000000000000
010000000100001000001000010001100000000000000000000000000000
010010000100001000001000010001100000000000000000000000000000
010000000100001000001000010001100000000000000000000000000000
010001001000000000001000010001100000000000000000000000000000
010010000100001000001000010001100000000000000000000000000000
010000000100001000001000010001100000000000000000000000000000
010000000100001000001000010001100000000000000000000000000000
010010000100001000001000010001100000000000000000000000000000
010000000100001000001000010001100000000000000000000000000000
010010000100001000001000010001100000000000000000000000000000
010000000100001000001000010001100000000000000000000000000000
010001001000000000001000010001100000000000000000000000000000
010000000000000000101000010001100000000000000000000000000000
010000000000000000101000010001100000000000000000000000000000
010011011100000010010000011111000000000000000000000000000000
010001011100000010010000011111000000000000000000000000000000
010001011100000010010000011111000000000000000000000000000000
010011011100000010010000011111000000000000000000000000000000
010001011100000010010000011111000000000000000000000000000000
010011011100000010010000011111000000000000000000000000000000
010001011100000010010000011111000000000000000000000000000000
010011011000000110000000011111000000000000000000000000000000
010011011100000010011000011111000000000000000000000000000000
010001011100000010011000011111000000000000000000000000000000
010001011100000010011000011111000000000000000000000000000000
010011011100000010011000011111000000000000000000000000000000
010001011100000010011000011111000000000000000000000000000000
010011011100000010011000011111000000000000000000000000000000
010001011100000010011000011111000000000000000000000000000000
010011011000000110001000011111000000000000000000000000000000
010011011100000010011000011111000000000000000000000000000000
010001011100000010011000011111000000000000000000000000000000
010001011100000010011000011111000000000000000000000000000000
010011011100000010011000011111000000000000000000000000000000
010001011100000010011000011111000000000000000000000000000000
010011011100000010011000011111000000000000000000000000000000
010001011100000010011000011111000000000000000000000000000000
010011011000000110001000011111000000000000000000000000000000
010011011100001001000000011101000000000000000000000000000000
010001011100001001000000011101000000000000000000000000000000
010001011100001001000000011101000000000000000000000000000000
010011011100001001000000011101000000000000000000000000000000
010001011100001001000000011101000000000000000000000000000000
010011011100001001000000011101000000000000000000000000000000
010001011100001001000000011101000000000000000000000000000000
010011011000000001000000011101000000000000000000000000000000
010011011100001001001000011101000000000000000000000000000000
010001011100001001001000011101000000000000000000000000000000
010001011100001001001000011101000000000000000000000000000000
010011011100001001001000011101000000000000000000000000000000
010001011100001001001000011101000000000000000000000000000000
010011011100001001001000011101000000000000000000000000000000
010001011100001001001000011101000000000000000000000000000000
010011011000000001001000011101000000000000000000000000000000
010011011100001001001000011101000000000000000000000000000000
010001011100001001001000011101000000000000000000000000000000
010001011100001001001000011101000000000000000000000000000000
010011011100001001001000011101000000000000000000000000000000
010001011100001001001000011101000000000000000000000000000000
010011011100001001001000011101000000000000000000000000000000
010001011100001001001000011101000000000000000000000000000000
010011011000000001001000011101000000000000000000000000000000
010010000100010000011000011111000000000000000000000000000000
010000000100010000011000011111000000000000000000000000000000
010000000100010000011000011111000000000000000000000000000000
010010000100010000011000011111000000000000000000000000000000
010000000100010000011000011111000000000000000000000000000000
010010000100010000011000011111000000000000000000000000000000
010000000100010000011000011111000000000000000000000000000000
010010000000010000001000011111000000000000000000000000000000
010010000100001000101000011101000000000000000000000000000000
010000000100001000101000011101000000000000000000000000000000
010000000100001000101000011101000000000000000000000000000000
010010000100001000101000011101000000000000000000000000000000
010000000100001000101000011101000000000000000000000000000000
010010000100001000101000011101000000000000000000000000000000
010000000100001000101000011101000000000000000000000000000000
010010000000000000101000011101000000000000000000000000000000
011000000000000100000000011111000000000000000000000000000000
011000000000000100001000011111000000000000000000000000000000
011000000000000100001000011111000000000000000000000000000000
010010000100000010010000011111000000000000000000000000000000
010000000100000010010000011111000000000000000000000000000000
010000000100000010010000011111000000000000000000000000000000
010010000100000010010000011111000000000000000000000000000000
010000000100000010010000011111000000000000000000000000000000
010010000100000010010000011111000000000000000000000000000000
010000000100000010010000011111000000000000000000000000000000
010010000000000110000000011111000000000000000000000000000000
010010000100000010011000011111000000000000000000000000000000
010000000100000010011000011111000000000000000000000000000000
010000000100000010011000011111000000000000000000000000000000
010010000100000010011000011111000000000000000000000000000000
010000000100000010011000011111000000000000000000000000000000
010010000100000010011000011111000000000000000000000000000000
010000000100000010011000011111000000000000000000000000000000
010010000000000110001000011111000000000000000000000000000000
010010000100000010011000011111000000000000000000000000000000
010000000100000010011000011111000000000000000000000000000000
010000000100000010011000011111000000000000000000000000000000
010010000100000010011000011111000000000000000000000000000000
010000000100000010011000011111000000000000000000000000000000
010010000100000010011000011111000000000000000000000000000000
010000000100000010011000011111000000000000000000000000000000
010010000000000110001000011111000000000000000000000000000000
010011011100001001001110111100000000100000000000000000000000
010011011100001001001101011101000000100000000000000000000000
010001011100001001001110111100000000100000000000000000000000
010001011100001001001101011101000000100000000000000000000000
010001011100001001001110111100000000100000000000000000000000
010001011100001001001101011101000000100000000000000000000000
010011011100001001001110111100000000100000000000000000000000
010011011100001001001101011101000000100000000000000000000000
010001011100001001001110111100000000100000000000000000000000
010001011100001001001101011101000000100000000000000000000000
010011011100001001001110111100000000100000000000000000000000
010011011100001001001101011101000000100000000000000000000000
010001011100001001001110111100000000100000000000000000000000
010001011100001001001101011101000000100000000000000000000000
010011011000000001001110111100000000100000000000000000000000
010011011000000001001101011101000000100000000000000000000000
010011011100001001001110111110000000100000000000000000000000
010011011100001001001101011111000000100000000000000000000000
010001011100001001001110111110000000100000000000000000000000
010001011100001001001101011111000000100000000000000000000000
010001011100001001001110111110000000100000000000000000000000
010001011100001001001101011111000000100000000000000000000000
010011011100001001001110111110000000100000000000000000000000
010011011100001001001101011111000000100000000000000000000000
010001011100001001001110111110000000100000000000000000000000
010001011100001001001101011111000000100000000000000000000000
010011011100001001001110111110000000100000000000000000000000
010011011100001001001101011111000000100000000000000000000000
010001011100001001001110111110000000100000000000000000000000
010001011100001001001101011111000000100000000000000000000000
010011011000000001001110111100000000100000000000000000000000
010011011000000001001101011101000000100000000000000000000000
010010000100001010010000001001000000000000000000000000000000
010000000100001010010000001001000000000000000000000000000000
010000000100001010010000001001000000000000000000000000000000
010010000100001010010000001001000000000000000000000000000000
010000000100001010010000001001000000000000000000000000000000
010010000100001010010000001001000000000000000000000000000000
010000000100001010010000001001000000000000000000000000000000
010010000000000110000000001001000000000000000000000000000000
010010000100001010011000001001000000000000000000000000000000
010000000100001010011000001001000000000000000000000000000000
010000000100001010011000001001000000000000000000000000000000
010010000100001010011000001001000000000000000000000000000000
010000000100001010011000001001000000000000000000000000000000
010010000100001010011000001001000000000000000000000000000000
010000000100001010011000001001000000000000000000000000000000
010010000000000110001000001001000000000000000000000000000000
010010000100001010011000001001000000000000000000000000000000
010000000100001010011000001001000000000000000000000000000000
010000000100001010011000001001000000000000000000000000000000
010010000100001010011000001001000000000000000000000000000000
010000000100001010011000001001000000000000000000000000000000
010010000100001010011000001001000000000000000000000000000000
010000000100001010011000001001000000000000000000000000000000
010010000000000110001000001001000000000000000000000000000000
010010000000000100000000000101000000000000111011000000000000
010010000000000100001000000101000000000000111011000000000000
010010000000000100001000000101000000000000111011000000000000
010010000100001010010000000101000000000000111011000000000000
010000000100001010010000000101000000000000111011000000000000
010000000100001010010000000101000000000000111011000000000000
010010000100001010010000000101000000000000111011000000000000
010000000100001010010000000101000000000000111011000000000000
010010000100001010010000000101000000000000111011000000000000
010000000100001010010000000101000000000000111011000000000000
010010000000000110000000000101000000000000111011000000000000
010010000100001010011000000101000000000000111011000000000000
010000000100001010011000000101000000000000111011000000000000
010000000100001010011000000101000000000000111011000000000000
010010000100001010011000000101000000000000111011000000000000
010000000100001010011000000101000000000000111011000000000000
010010000100001010011000000101000000000000111011000000000000
010000000100001010011000000101000000000000111011000000000000
010010000000000110001000000101000000000000111011000000000000
010010000100001010011000000101000000000000111011000000000000
010000000100001010011000000101000000000000111011000000000000
010000000100001010011000000101000000000000111011000000000000
010010000100001010011000000101000000000000111011000000000000
010000000100001010011000000101000000000000111011000000000000
010010000100001010011000000101000000000000111011000000000000
010000000100001010011000000101000000000000111011000000000000
010010000000000110001000000101000000000000111011000000000000
010010000100001010011000000101000000000000111011000000000000
010000000100001010011000000101000000000000111011000000000000
010000000100001010011000000101000000000000111011000000000000
010010000100001010011000000101000000000000111011000000000000
010000000100001010011000000101000000000000111011000000000000
010010000100001010011000000101000000000000111011000000000000
010000000100001010011000000101000000000000111011000000000000
010010000000000110001000000101000000000000111011000000000000
010010000100001010011000000101000000000000111011000000000000
010000000100001010011000000101000000000000111011000000000000
010000000100001010011000000101000000000000111011000000000000
010010000100001010011000000101000000000000111011000000000000
010000000100001010011000000101000000000000111011000000000000
010010000100001010011000000101000000000000111011000000000000
010000000100001010011000000101000000000000111011000000000000
010010000000000110001000000101000000000000111011000000000000
010011011100001010010000000101000000000000111011000000000000
010001011100001010010000000101000000000000111011000000000000
010001011100001010010000000101000000000000111011000000000000
010011011100001010010000000101000000000000111011000000000000
010001011100001010010000000101000000000000111011000000000000
010011011100001010010000000101000000000000111011000000000000
010001011100001010010000000101000000000000111011000000000000
010011011000000110000000000101000000000000111011000000000000
010011011100001010011000000101000000000000111011000000000000
010001011100001010011000000101000000000000111011000000000000
010001011100001010011000000101000000000000111011000000000000
010011011100001010011000000101000000000000111011000000000000
010001011100001010011000000101000000000000111011000000000000
010011011100001010011000000101000000000000111011000000000000
010001011100001010011000000101000000000000111011000000000000
010011011000000110001000000101000000000000111011000000000000
010011011100001010011000000101000000000000111011000000000000
010001011100001010011000000101000000000000111011000000000000
010001011100001010011000000101000000000000111011000000000000
010011011100001010011000000101000000000000111011000000000000
010001011100001010011000000101000000000000111011000000000000
010011011100001010011000000101000000000000111011000000000000
010001011100001010011000000101000000000000111011000000000000
010011011000000110001000000101000000000000111011000000000000
010011011100001001000000000101000000000000111011000000000000
010001011100001001000000000101000000000000111011000000000000
010001011100001001000000000101000000000000111011000000000000
010011011100001001000000000101000000000000111011000000000000
010001011100001001000000000101000000000000111011000000000000
010011011100001001000000000101000000000000111011000000000000
010001011100001001000000000101000000000000111011000000000000
010011011000000001000000000101000000000000111011000000000000
010011011100001001001000000101000000000000111011000000000000
010001011100001001001000000101000000000000111011000000000000
010001011100001001001000000101000000000000111011000000000000
010011011100001001001000000101000000000000111011000000000000
010001011100001001001000000101000000000000111011000000000000
010011011100001001001000000101000000000000111011000000000000
010001011100001001001000000101000000000000111011000000000000
010011011000000001001000000101000000000000111011000000000000
010011011100001001001000000101000000000000111011000000000000
010001011100001001001000000101000000000000111011000000000000
010001011100001001001000000101000000000000111011000000000000
010011011100001001001000000101000000000000111011000000000000
010001011100001001001000000101000000000000111011000000000000
010011011100001001001000000101000000000000111011000000000000
010001011100001001001000000101000000000000111011000000000000
010011011000000001001000000101000000000000111011000000000000
010011011100001001001110110100000000100000000000000000000000
010011011100001001001101010101000000100000000000000000000000
010001011100001001001110110100000000100000000000000000000000
010001011100001001001101010101000000100000000000000000000000
010001011100001001001110110100000000100000000000000000000000
010001011100001001001101010101000000100000000000000000000000
010011011100001001001110110100000000100000000000000000000000
010011011100001001001101010101000000100000000000000000000000
010001011100001001001110110100000000100000000000000000000000
010001011100001001001101010101000000100000000000000000000000
010011011100001001001110110100000000100000000000000000000000
010011011100001001001101010101000000100000000000000000000000
010001011100001001001110110100000000100000000000000000000000
010001011100001001001101010101000000100000000000000000000000
010011011000000001001110110100000000100000000000000000000000
010011011000000001001101010101000000100000000000000000000000
010011011100001001001110110000000000100000000000000000000000
010011011100001001001101010001000000100000000000000000000000
010001011100001001001110110000000000100000000000000000000000
010001011100001001001101010001000000100000000000000000000000
010001011100001001001110110000000000100000000000000000000000
010001011100001001001101010001000000100000000000000000000000
010011011100001001001110110000000000100000000000000000000000
010011011100001001001101010001000000100000000000000000000000
010001011100001001001110110000000000100000000000000000000000
010001011100001001001101010001000000100000000000000000000000
010011011100001001001110110000000000100000000000000000000000
010011011100001001001101010001000000100000000000000000000000
010001011100001001001110110000000000100000000000000000000000
010001011100001001001101010001000000100000000000000000000000
010011011000000001001110110000000000100000000000000000000000
010011011000000001001101010001000000100000000000000000000000
010011011100001001001110110100000000110000000000000000000000
010011011100001001001101010101000000110000000000000000000000
010001011100001001001110110100000000110000000000000000000000
010001011100001001001101010101000000110000000000000000000000
010001011100001001001110110100000000110000000000000000000000
010001011100001001001101010101000000110000000000000000000000
010011011100001001001110110100000000110000000000000000000000
010011011100001001001101010101000000110000000000000000000000
010001011100001001001110110100000000110000000000000000000000
010001011100001001001101010101000000110000000000000000000000
010011011100001001001110110100000000110000000000000000000000
010011011100001001001101010101000000110000000000000000000000
010001011100001001001110110100000000110000000000000000000000
010001011100001001001101010101000000110000000000000000000000
010011011000000001001110110100000000110000000000000000000000
010011011000000001001101010101000000110000000000000000000000
011110000100001100001000111110000100000000000000000000000000
010010000100000100011001011101000100000000000000000000000000
011110000100001100001000111110000100000000000000000000000000
010000000100000100011001011101000100000000000000000000000000
011110000100001100001000111110000100000000000000000000000000
010000000100000100011001011101000100000000000000000000000000
011110000100001100001000111110000100000000000000000000000000
010010000100000100011001011101000100000000000000000000000000
011110000100001100001000111110000100000000000000000000000000
010000000100000100011001011101000100000000000000000000000000
011110000100001100001000111110000100000000000000000000000000
010010000100000100011001011101000100000000000000000000000000
011110000100001100001000111110000100000000000000000000000000
010000000100000100011001011101000100000000000000000000000000
011111001100001101001000011111000100000000000000000000000000
011110000100001100001000111110000100000000000000000000000000
010010000100000100011001011101000100000000000000000000000000
011110000100001100001000111110000100000000000000000000000000
010000000100000100011001011101000100000000000000000000000000
011110000100001100001000111110000100000000000000000000000000
010000000100000100011001011101000100000000000000000000000000
011110000100001100001000111110000100000000000000000000000000
010010000100000100011001011101000100000000000000000000000000
011110000100001100001000111110000100000000000000000000000000
010000000100000100011001011101000100000000000000000000000000
011110000100001100001000111110000100000000000000000000000000
010010000100000100011001011101000100000000000000000000000000
011110000100001100001000111110000100000000000000000000000000
010000000100000100011001011101000100000000000000000000000000
011111001100001101001000011111000100000000000000000000000000
011111101100001101001000011111000100000000000000000000000000
011111101100001101001000011111000100000000000000000000000000
011110000100101100101000011111000100000000000000000000000000
000010000101001100101000011111000100000000000000000000000000
000010000101101100101000011111000100000000000000000000000000
000010000110001100101000011111000100000000000000000000000000
000010000110101100101000011111000100000000000000000000000000
010011010100001001001110100000000000101000000000000000000000
010011010100001001001101000001000000101000000000000000000000
010001010100001001001110100000000000101000000000000000000000
010001010100001001001101000001000000101000000000000000000000
010001010100001001001110100000000000101000000000000000000000
010001010100001001001101000001000000101000000000000000000000
010011010100001001001110100000000000101000000000000000000000
010011010100001001001101000001000000101000000000000000000000
010001010100001001001110100000000000101000000000000000000000
010001010100001001001101000001000000101000000000000000000000
010011010100001001001110100000000000101000000000000000000000
010011010100001001001101000001000000101000000000000000000000
010001010100001001001110100000000000101000000000000000000000
010001010100001001001101000001000000101000000000000000000000
010011010000000001001110100000000000101000000000000000000000
010011010000000001001101000001000000101000000000000000000000
010010000100001000001000111110001000000000000000000000000000
011110000100000100011001011101001000000000000000000000000000
010000000100001000001000111110001000000000000000000000000000
011110000100000100011001011101001000000000000000000000000000
010000000100001000001000111110001000000000000000000000000000
011110000100000100011001011101001000000000000000000000000000
010010000100001000001000111110001000000000000000000000000000
011110000100000100011001011101001000000000000000000000000000
010000000100001000001000111110001000000000000000000000000000
011110000100000100011001011101001000000000000000000000000000
010010000100001000001000111110001000000000000000000000000000
011110000100000100011001011101001000000000000000000000000000
010000000100001000001000111110001000000000000000000000000000
011110000100000100011001011101001000000000000000000000000000
011111001100000100011001011101001000000000000000000000000000
010010000100001000001000111110001000000000000000000000000000
011110000100000100011001011101001000000000000000000000000000
010000000100001000001000111110001000000000000000000000000000
011110000100000100011001011101001000000000000000000000000000
010000000100001000001000111110001000000000000000000000000000
011110000100000100011001011101001000000000000000000000000000
010010000100001000001000111110001000000000000000000000000000
011110000100000100011001011101001000000000000000000000000000
010000000100001000001000111110001000000000000000000000000000
011110000100000100011001011101001000000000000000000000000000
010010000100001000001000111110001000000000000000000000000000
011110000100000100011001011101001000000000000000000000000000
010000000100001000001000111110001000000000000000000000000000
011110000100000100011001011101001000000000000000000000000000
011111001100000100011001011101001000000000000000000000000000
011111101100000100011001011101001000000000000000000000000000
011111101100000100011001011101001000000000000000000000000000
011110000100000100011001011101001000000000000000000000000000
011110000100000100011001011101001000000000000000000000000000
011110000100000100011001011101001000000000000000000000000000
011110000111010100011001011101001000000000000000000000000000
011110000100110100011001011101001000000000000000000000000000
011110000101010100011001011101001000000000000000000000000000
011110000101110100011001011101001000000000000000000000000000
011110000110010100011001011101001000000000000000000000000000
011110000110110100011001011101001000000000000000000000000000
001010000100001001000000111110000000000001111111000000000000
001110000100001101000001010001000000000001111111000000000000
001010000100001001001000111110000000000001111111000000000000
001110000100001101001001010001000000000001111111000000000000
001010000100001001001000111110000000000001111111000000000000
001110000100001101001001010001000000000001111111000000000000
000000000000000000000000000000000000000000000000000000000000
000000000000000000000000000001000000000000000000000000000000
000000000000000000000000000000000000000000000000000000000000
000000000000000000000000000000000000000000000000000000000000
000000000000000000000000000001000000000000000000000000000000
000000000000000000000000000000000000000000000000000000000000
000000000000000000000000000001000000000000000000000000000000
000000000000000000000000000000000000000000000000000000000000
000000000000000000000000000000000000000000000000000000000000
000000000000000000000000000001000000000000000000000000000000
010010000100001010010000011001000000000000111011000000000000
010000000100001010010000011001000000000000111011000000000000
010000000100001010010000011001000000000000111011000000000000
010010000100001010010000011001000000000000111011000000000000
010000000100001010010000011001000000000000111011000000000000
010010000100001010010000011001000000000000111011000000000000
010000000100001010010000011001000000000000111011000000000000
010010000000000110000000011001000000000000111011000000000000
010010011100001010010000011001000000000000111011000000000000
010000011100001010010000011001000000000000111011000000000000
010000011100001010010000011001000000000000111011000000000000
010010011100001010010000011001000000000000111011000000000000
010000011100001010010000011001000000000000111011000000000000
010010011100001010010000011001000000000000111011000000000000
010000011100001010010000011001000000000000111011000000000000
010010011000000110000000011001000000000000111011000000000000
010010000100001010010000011001000000000000111011000000000000
010000000100001010010000011001000000000000111011000000000000
010000000100001010010000011001000000000000111011000000000000
010010000100001010010000011001000000000000111011000000000000
010000000100001010010000011001000000000000111011000000000000
010010000100001010010000011001000000000000111011000000000000
010000000100001010010000011001000000000000111011000000000000
010010000000000110000000011001000000000000111011000000000000
010010000100001010011000011001000000000000111011000000000000
010000000100001010011000011001000000000000111011000000000000
010000000100001010011000011001000000000000111011000000000000
010010000100001010011000011001000000000000111011000000000000
010000000100001010011000011001000000000000111011000000000000
010010000100001010011000011001000000000000111011000000000000
010000000100001010011000011001000000000000111011000000000000
010010000000000110001000011001000000000000111011000000000000
010010011100001010011000011001000000000000111011000000000000
010000011100001010011000011001000000000000111011000000000000
010000011100001010011000011001000000000000111011000000000000
010010011100001010011000011001000000000000111011000000000000
010000011100001010011000011001000000000000111011000000000000
010010011100001010011000011001000000000000111011000000000000
010000011100001010011000011001000000000000111011000000000000
010010011000000110001000011001000000000000111011000000000000
010010000100001010011000011001000000000000111011000000000000
010000000100001010011000011001000000000000111011000000000000
010000000100001010011000011001000000000000111011000000000000
010010000100001010011000011001000000000000111011000000000000
010000000100001010011000011001000000000000111011000000000000
010010000100001010011000011001000000000000111011000000000000
010000000100001010011000011001000000000000111011000000000000
010010000000000110001000011001000000000000111011000000000000
010010000100001010011000011001000000000000111011000000000000
010000000100001010011000011001000000000000111011000000000000
010000000100001010011000011001000000000000111011000000000000
010010000100001010011000011001000000000000111011000000000000
010000000100001010011000011001000000000000111011000000000000
010010000100001010011000011001000000000000111011000000000000
010000000100001010011000011001000000000000111011000000000000
010010000000000110001000011001000000000000111011000000000000
010010011100001010011000011001000000000000111011000000000000
010000011100001010011000011001000000000000111011000000000000
010000011100001010011000011001000000000000111011000000000000
010010011100001010011000011001000000000000111011000000000000
010000011100001010011000011001000000000000111011000000000000
010010011100001010011000011001000000000000111011000000000000
010000011100001010011000011001000000000000111011000000000000
010010011000000110001000011001000000000000111011000000000000
010010000100001010011000011001000000000000111011000000000000
010000000100001010011000011001000000000000111011000000000000
010000000100001010011000011001000000000000111011000000000000
010010000100001010011000011001000000000000111011000000000000
010000000100001010011000011001000000000000111011000000000000
010010000100001010011000011001000000000000111011000000000000
010000000100001010011000011001000000000000111011000000000000
010010000000000110001000011001000000000000111011000000000000
010010000100001010010000001101000000000000111011000000000000
010000000100001010010000001101000000000000111011000000000000
010000000100001010010000001101000000000000111011000000000000
010010000100001010010000001101000000000000111011000000000000
010000000100001010010000001101000000000000111011000000000000
010010000100001010010000001101000000000000111011000000000000
010000000100001010010000001101000000000000111011000000000000
010010000000000110000000001101000000000000111011000000000000
010010011100001010010000001101000000000000111011000000000000
010000011100001010010000001101000000000000111011000000000000
010000011100001010010000001101000000000000111011000000000000
010010011100001010010000001101000000000000111011000000000000
010000011100001010010000001101000000000000111011000000000000
010010011100001010010000001101000000000000111011000000000000
010000011100001010010000001101000000000000111011000000000000
010010011000000110000000001101000000000000111011000000000000
010010000100001010010000001101000000000000111011000000000000
010000000100001010010000001101000000000000111011000000000000
010000000100001010010000001101000000000000111011000000000000
010010000100001010010000001101000000000000111011000000000000
010000000100001010010000001101000000000000111011000000000000
010010000100001010010000001101000000000000111011000000000000
010000000100001010010000001101000000000000111011000000000000
010010000000000110000000001101000000000000111011000000000000
010010000100001010011000001101000000000000111011000000000000
010000000100001010011000001101000000000000111011000000000000
010000000100001010011000001101000000000000111011000000000000
010010000100001010011000001101000000000000111011000000000000
010000000100001010011000001101000000000000111011000000000000
010010000100001010011000001101000000000000111011000000000000
010000000100001010011000001101000000000000111011000000000000
010010000000000110001000001101000000000000111011000000000000
010010011100001010011000001101000000000000111011000000000000
010000011100001010011000001101000000000000111011000000000000
010000011100001010011000001101000000000000111011000000000000
010010011100001010011000001101000000000000111011000000000000
010000011100001010011000001101000000000000111011000000000000
010010011100001010011000001101000000000000111011000000000000
010000011100001010011000001101000000000000111011000000000000
010010011000000110001000001101000000000000111011000000000000
010010000100001010011000001101000000000000111011000000000000
010000000100001010011000001101000000000000111011000000000000
010000000100001010011000001101000000000000111011000000000000
010010000100001010011000001101000000000000111011000000000000
010000000100001010011000001101000000000000111011000000000000
010010000100001010011000001101000000000000111011000000000000
010000000100001010011000001101000000000000111011000000000000
010010000000000110001000001101000000000000111011000000000000
010010000100001010011000001101000000000000111011000000000000
010000000100001010011000001101000000000000111011000000000000
010000000100001010011000001101000000000000111011000000000000
010010000100001010011000001101000000000000111011000000000000
010000000100001010011000001101000000000000111011000000000000
010010000100001010011000001101000000000000111011000000000000
010000000100001010011000001101000000000000111011000000000000
010010000000000110001000001101000000000000111011000000000000
010010011100001010011000001101000000000000111011000000000000
010000011100001010011000001101000000000000111011000000000000
010000011100001010011000001101000000000000111011000000000000
010010011100001010011000001101000000000000111011000000000000
010000011100001010011000001101000000000000111011000000000000
010010011100001010011000001101000000000000111011000000000000
010000011100001010011000001101000000000000111011000000000000
010010011000000110001000001101000000000000111011000000000000
010010000100001010011000001101000000000000111011000000000000
010000000100001010011000001101000000000000111011000000000000
010000000100001010011000001101000000000000111011000000000000
010010000100001010011000001101000000000000111011000000000000
010000000100001010011000001101000000000000111011000000000000
010010000100001010011000001101000000000000111011000000000000
010000000100001010011000001101000000000000111011000000000000
010010000000000110001000001101000000000000111011000000000000
000000000000000000000000000001000000000000000000000000000000
000011101000000101001000011111000010000000000000000000000000
000011101000000101001000011111000010000000000000000000000000
010011011100001010010000011111000010000000000000000000000000
010001011100001010010000011111000010000000000000000000000000
010001011100001010010000011111000010000000000000000000000000
010011011100001010010000011111000010000000000000000000000000
010001011100001010010000011111000010000000000000000000000000
010011011100001010010000011111000010000000000000000000000000
010001011100001010010000011111000010000000000000000000000000
010011011000000111000000011111000010000000000000000000000000
010011011100001010011000011111000010000000000000000000000000
010001011100001010011000011111000010000000000000000000000000
010001011100001010011000011111000010000000000000000000000000
010011011100001010011000011111000010000000000000000000000000
010001011100001010011000011111000010000000000000000000000000
010011011100001010011000011111000010000000000000000000000000
010001011100001010011000011111000010000000000000000000000000
010011011000000111001000011111000010000000000000000000000000
010011011100001010011000011111000010000000000000000000000000
010001011100001010011000011111000010000000000000000000000000
010001011100001010011000011111000010000000000000000000000000
010011011100001010011000011111000010000000000000000000000000
010001011100001010011000011111000010000000000000000000000000
010011011100001010011000011111000010000000000000000000000000
010001011100001010011000011111000010000000000000000000000000
010011011000000111001000011111000010000000000000000000000000
